53668;2424;11369;20315;29257;38197;47139
01;47160
53756;2424;11196;20393;29334;38292;47237
53665;2425;11357;20297;29252;38193;47149
53714;2422;11355;20310;29249;38208;47187
53722;2430;11404;20343;29299;38248;47184
53297;2381;11250;20080;28936;37855;46794
53693;2427;11367;20335;29258;38206;47166
53687;6890;15846;24788;33736;42691;51630
53646;6719;15862;24815;33683;42628;51582
53620;2431;11373;20347;29289;38221;47173
53385;6736;15857;24802;33635;42453;51332
53744;2425;11388;20349;29293;38256;47221
53620;2426;11198;20321;29281;38161;47106
53398;2430;11259;20220;29166;38119;46959
53718;2426;11193;20314;29285;38256;47207
53682;2426;11190;20296;29240;38185;47145
53789;2432;11387;20361;29308;38302;47264
53833;2427;11236;20360;29326;38274;47256
53762;2426;11229;20352;29307;38253;47236
53319;6581;15589;24540;33469;42415;51312
53709;6736;15858;24817;33764;42734;51655
53569;6718;15808;24706;33652;42599;51541
53671;2425;11370;20224;29175;38155;47125
53455;6680;15709;24656;33610;42568;51429
53385;2429;11190;20287;29099;37936;46860
53565;2424;11204;20323;29279;38088;47044
53359;2382;11004;20079;28953;37893;46834
53650;2426;11376;20378;29339;38280;47207
53721;6722;15850;24794;33754;42722;51666
53660;2385;11244;20194;29170;38165;47134
53509;2403;11340;20220;29077;38029;46981
53774;6737;15859;24825;33769;42735;51718
53772;2426;11317;20277;29234;38208;47249
53336;2383;11216;20092;29038;37974;46893
53824;6894;15874;24926;33859;42827;51772
53717;2427;11366;20316;29294;38239;47194
53660;2423;11362;20302;29215;38184;47130
53672;6889;15844;24784;33738;42683;51622
53673;2425;11359;20302;29259;38197;47137
53688;2423;11360;20325;29262;38212;47169
53724;6730;15848;24788;33781;42735;51673
53697;6713;15842;24795;33744;42683;51645
53566;2424;11365;20347;29286;38250;47115
53408;2393;11334;20313;29263;38175;47016
53279;2426;11189;20279;29112;37912;46750
53369;2426;11197;20301;29141;37987;46884
53549;6706;15827;24795;33760;42597;51479
53352;2443;11206;20309;29257;38165;46966
54223;2489;11421;20812;29805;38756;47700
53653;6713;15832;24774;33716;42659;51603
53669;6892;15843;24786;33730;42672;51617
53640;2425;11183;20298;29239;38181;47120
53652;2423;11359;20300;29242;38181;47122
54062;2425;11363;20309;29251;38224;47366
53717;6720;15846;24822;33766;42713;51658
53667;6893;15834;24779;33728;42673;51616
53711;2424;11404;20348;29297;38243;47191
53688;6721;15854;24800;33744;42688;51634
53684;6721;15844;24789;33738;42685;51634
55704;6894;15840;24784;35594;44721;53657
53676;2426;11369;20316;29246;38198;47145
53656;2426;11172;20296;29242;38188;47132
53762;6797;15923;24868;33811;42758;51712
53671;2425;11193;20317;29263;38211;47142
53676;6893;15838;24789;33734;42678;51624
53769;2424;11363;20307;29351;38296;47242
53668;2425;11367;20313;29259;38199;47146
53728;2424;11186;20306;29248;38199;47202
53669;6709;15828;24773;33720;42670;51618
53678;2424;11363;20309;29254;38209;47154
53664;2425;11187;20315;29260;38205;47140
53663;2425;11365;20311;29253;38196;47139
53669;6717;15843;24785;33729;42674;51618
56100;2426;11190;20312;31390;40640;49573
53670;2425;11365;20313;29258;38204;47146
53659;2422;11361;20306;29250;38193;47136
53682;2425;11366;20312;29264;38210;47156
53718;2470;11414;20362;29313;38252;47195
53674;2424;11364;20310;29258;38202;47147
53682;2426;11367;20313;29259;38203;47157
53700;2426;11375;20328;29272;38215;47177
53773;2425;11453;20398;29343;38292;47247
53709;2421;11360;20349;29297;38240;47184
53664;2426;11362;20310;29253;38199;47143
53660;2424;11189;20314;29254;38189;47136
53354;2426;11361;20302;29238;38070;46900
53412;6643;15652;24491;33486;42429;51376
54742;6888;15832;25527;34733;43724;52690
53656;2424;11281;20244;29213;38158;47109
53822;2424;11392;20340;29323;38315;47292
53938;2427;11306;20438;29405;38397;47379
53877;6723;15881;24836;33876;42832;51811
53819;2429;11215;20345;29313;38273;47264
53824;2440;11391;20369;29338;38311;47268
48714;2429;11387;20341;29320;34674;44693
15841;932;3895;6854;9813;12336;14443
9758;1225;3011;4791;6414;7921;9572
7868;522;1889;3240;4571;5873;7223
7025;865;2185;3403;4678;5816;6931
6611;806;2178;3259;4354;5435;6516
6622;537;1602;2666;3729;4801;5925
5955;744;1909;2880;3859;4920;5898
5884;435;1408;2398;3377;4355;5338
5933;435;1410;2388;3412;4410;5387
5862;743;1897;2875;3846;4817;5807
5879;436;1232;2386;3370;4347;5324
5877;435;1411;2389;3366;4350;5327
5876;919;1907;2880;3858;4847;5818
5882;743;1896;2912;3859;4836;5824
5878;473;1415;2392;3370;4355;5332
5875;436;1244;2392;3368;4345;5330
5874;435;1232;2396;3368;4346;5324
5867;919;1893;2870;3857;4830;5810
5879;918;1906;2880;3860;4848;5821
5881;430;1406;2395;3372;4347;5335
5717;435;1370;2315;3292;4194;5171
5872;436;1403;2391;3368;4346;5327
5878;435;1231;2393;3371;4348;5325
5834;435;1401;2372;3351;4322;5293
5879;435;1240;2393;3390;4355;5333
5878;435;1407;2393;3370;4348;5333
5869;436;1408;2408;3371;4347;5323
5874;436;1412;2389;3366;4352;5329
5876;742;1903;2880;3856;4833;5818
5876;435;1408;2386;3369;4347;5325
5871;435;1415;2391;3369;4355;5330
5862;738;1894;2865;3842;4828;5805
5865;436;1409;2386;3357;4335;5312
5853;418;1392;2369;3347;4331;5308
5876;434;1414;2392;3369;4346;5331
5877;435;1408;2392;3371;4348;5325
5870;436;1407;2385;3369;4347;5324
5878;742;1905;2883;3861;4843;5821
5880;920;1898;2884;3861;4838;5823
5868;743;1896;2873;3858;4834;5811
5878;436;1417;2393;3370;4356;5332
5878;435;1407;2393;3370;4346;5331
5879;919;1895;2880;3858;4837;5814
5876;435;1416;2395;3371;4355;5331
5878;459;1432;2394;3372;4348;5332
5874;742;1894;2879;3857;4832;5817
5879;750;1904;2882;3867;4845;5822
5881;435;1414;2392;3370;4347;5336
5879;434;1407;2392;3371;4348;5324
5869;743;1900;2878;3860;4836;5812
5873;743;1900;2878;3855;4839;5816
5878;436;1233;2393;3371;4348;5332
5834;915;1885;2857;3836;4808;5778
5877;435;1415;2392;3369;4353;5331
5878;435;1433;2394;3372;4348;5333
5875;435;1409;2385;3369;4346;5321
5877;927;1905;2881;3867;4844;5820
7017;741;1902;2879;4755;5971;6959
5930;430;1225;2378;3372;4387;5376
5870;924;1911;2869;3847;4824;5807
5880;441;1408;2387;3368;4349;5326
5895;437;1234;2388;3376;4368;5349
5929;435;1232;2384;3361;4389;5383
5876;751;1910;2881;3860;4837;5819
6045;444;1263;2439;3442;4450;5500
5886;435;1414;2394;3371;4348;5330
5875;436;1408;2405;3390;4368;5347
5869;743;1908;2898;3857;4835;5813
5877;923;1907;2860;3837;4822;5812
5984;937;1959;2938;3938;4937;5927
5960;436;1231;2384;3365;4348;5333
5872;436;1415;2394;3395;4349;5327
5868;442;1243;2404;3361;4338;5314
5979;440;1429;2453;3431;4438;5429
5872;749;1903;2869;3869;4846;5815
5951;435;1416;2394;3389;4415;5405
5922;436;1438;2421;3405;4400;5376
5960;746;1904;2892;3935;4913;5899
5878;436;1248;2412;3394;4357;5332
5875;434;1407;2384;3371;4357;5341
5873;436;1407;2398;3390;4372;5327
5961;435;1231;2391;3389;4417;5401
5900;437;1439;2428;3410;4377;5355
5876;442;1425;2407;3371;4351;5328
5914;774;1940;2934;3916;4901;5857
5940;435;1408;2385;3374;4371;5387
5893;436;1253;2417;3410;4396;5347
5873;423;1396;2377;3354;4335;5328
5949;435;1467;2459;3463;4446;5431
5933;435;1407;2384;3370;4363;5386
5878;436;1409;2400;3389;4372;5332
5892;435;1409;2387;3377;4355;5345
5886;435;1225;2380;3361;4358;5334
5876;743;1898;2880;3857;4834;5810
5965;435;1429;2454;3432;4424;5412
5879;435;1408;2386;3371;4349;5327
5897;743;1886;2880;3858;4844;5834
5875;435;1409;2386;3370;4351;5329
5957;435;1415;2395;3445;4424;5412
5867;747;1908;2891;3858;4835;5810
5867;749;1888;2865;3844;4830;5810
5891;443;1435;2423;3413;4369;5345
5880;435;1415;2399;3384;4363;5334
5866;436;1409;2403;3358;4335;5314
5883;445;1242;2417;3402;4361;5338
5882;435;1422;2405;3392;4384;5337
5885;743;1895;2880;3871;4849;5827
5892;435;1409;2387;3369;4355;5340
5870;436;1408;2385;3368;4346;5324
5877;743;1925;2884;3872;4863;5820
5940;436;1444;2422;3371;4355;5348
5877;918;1909;2902;3879;4856;5821
5876;435;1232;2393;3369;4347;5324
5891;435;1425;2426;3420;4366;5344
5887;918;1915;2901;3886;4852;5831
5879;435;1407;2391;3377;4358;5330
6433;445;1497;2574;3651;4729;5820
6516;456;1345;2611;3696;4809;5901
6492;458;1552;2638;3706;4798;5873
6495;458;1380;2659;3729;4796;5877
6612;814;2077;3166;4349;5450;6521
6504;457;1522;2604;3670;4738;5819
6478;457;1376;2627;3699;4779;5848
6605;455;1549;2631;3700;4891;5984
6505;457;1344;2604;3707;4778;5856
6551;488;1554;2679;3754;4834;5918
6464;462;1364;2621;3689;4758;5847
6549;514;1405;2678;3746;4836;5920
6508;983;2071;3148;4238;5343;6411
6517;1000;2070;3155;4224;5295;6435
6508;809;2076;3189;4272;5341;6426
6482;456;1535;2615;3690;4790;5862
6485;455;1520;2604;3687;4769;5854
6457;456;1523;2596;3691;4773;5841
6490;480;1554;2628;3712;4782;5858
6510;456;1365;2612;3726;4825;5894
6564;456;1533;2633;3769;4863;5934
6451;815;2074;3142;4210;5282;6365
6467;456;1373;2622;3695;4782;5851
6653;455;1625;2699;3806;4926;5997
6456;456;1345;2603;3673;4747;5837
6452;457;1342;2594;3667;4747;5836
6511;809;2077;3146;4215;5330;6428
6455;457;1361;2608;3677;4770;5837
6480;457;1521;2605;3707;4776;5848
6546;457;1348;2605;3692;4774;5862
6461;455;1529;2612;3705;4774;5844
6499;456;1544;2613;3682;4783;5881
6475;810;2055;3150;4237;5325;6393
6673;818;2103;3283;4439;5522;6590
6444;455;1342;2601;3670;4745;5828
6462;458;1525;2599;3684;4776;5846
6474;455;1357;2607;3695;4765;5834
6475;456;1358;2605;3674;4766;5834
6469;833;2096;3164;4235;5305;6386
6467;810;2056;3138;4210;5297;6384
6469;455;1561;2633;3702;4782;5850
6643;456;1569;2739;3813;4953;6028
6508;456;1520;2605;3685;4794;5877
6499;867;2120;3191;4267;5348;6416
6473;455;1357;2616;3688;4758;5855
6468;457;1347;2595;3678;4762;5834
6457;457;1521;2594;3674;4757;5840
6673;809;2054;3131;4216;5458;6588
6454;808;2069;3141;4213;5295;6370
6591;488;1579;2721;3796;4877;5960
6498;456;1534;2618;3686;4756;5880
6667;517;1666;2749;3831;4968;6052
6467;456;1553;2624;3710;4780;5850
6449;456;1351;2599;3690;4759;5827
6622;457;1464;2709;3822;4922;6005
6502;455;1360;2622;3705;4792;5884
6424;455;1519;2589;3671;4738;5806
6491;468;1355;2619;3688;4791;5874
6448;457;1519;2586;3657;4742;5830
6469;458;1537;2607;3683;4762;5839
6463;458;1525;2596;3696;4777;5846
6535;459;1357;2601;3674;4791;5900
6470;457;1355;2615;3689;4765;5841
6485;455;1345;2590;3683;4785;5854
6517;456;1545;2613;3689;4806;5901
6557;457;1521;2623;3706;4777;5925
6555;454;1519;2611;3703;4773;5940
6460;812;2072;3141;4213;5294;6364
6626;457;1533;2676;3824;4910;5981
6665;293;1584;2694;3801;4908;6018
8207;491;1472;2809;4926;6300;7522
7432;311;1719;2935;4299;5515;6727
7336;479;1653;2812;3972;5233;6612
7680;495;1879;3164;4459;5738;6954
7377;489;1674;2908;4120;5328;6634
7470;1071;2463;3692;4900;6129;7333
7656;956;2416;3684;4985;6250;7525
7921;513;1865;3311;4605;5871;7137
8329;1213;2594;3879;5149;6664;8181
8024;523;1842;3164;4489;5816;7207
9459;661;2418;4330;5758;7176;8585
9339;562;2146;3648;5143;6693;8273
9317;564;2091;3654;5162;6651;8305
10470;621;2388;4026;5645;7425;9295
9544;586;2167;3779;5369;6961;8540
10451;619;2341;4070;5828;7544;9272
10966;1292;3639;5445;7220;8940;10724
10440;643;2172;4204;5912;7621;9338
10503;619;2346;4075;5800;7510;9270
10329;1294;3191;4917;6645;8357;10086
10609;1309;3206;4915;6640;8452;10308
11180;1397;3450;5302;7165;9055;10902
11114;652;2324;4363;6227;8086;9913
11134;651;2374;4411;6243;8091;9933
11549;651;2501;4334;6206;8055;10041
12576;696;2761;4844;7039;9130;11199
12591;1560;3825;5892;7965;10095;12249
12444;696;2779;4839;6928;9002;11061
13629;787;3054;5325;7572;9831;12093
15037;1834;4387;6773;9484;12048;14587
15860;845;3625;6378;8921;11551;14142
15861;822;3454;5994;8531;11152;13821
18260;928;3717;6826;9881;12857;15999
17960;926;3975;7091;10036;12999;15939
21316;1083;4594;8125;11645;15199;18821
21195;1091;4608;8131;11675;15195;18714
21271;1067;4585;8130;11654;15298;18819
28848;1083;5351;9962;14480;19116;24253
61890;2567;13574;23984;34147;44305;54458
60915;2733;12706;23017;33169;43312;53488
60984;2724;12864;23016;33245;43398;53551
60843;2726;12696;23050;33143;43267;53415
60932;7652;17982;28124;38275;48426;58577
60945;2725;12871;23027;33205;43359;53512
61042;7820;17974;28133;38294;48529;58690
61080;7624;17952;28105;38378;48558;58725
61007;7645;17980;28154;38314;48472;58648
61039;7818;17978;28150;38336;48515;58682
61031;2728;12887;23047;33270;43430;53587
61022;7632;17984;28157;38347;48507;58667
99816;4056;19123;34971;51157;68071;85465
151901;6048;29430;54759;80588;105924;131231
209432;7809;38218;68620;102567;138781;177185
343563;14327;71607;128872;186130;243389;300645
425746;17755;88704;159702;230657;301606;372557
425689;17751;88704;159648;230600;301533;372483
425765;53227;124200;195157;266132;337085;408029
411645;17749;88709;159664;230621;301590;372529
112204;5844;26685;47345;65674;83524;100584
83907;3684;17664;31644;45630;59620;73604
83898;10495;24658;38636;52620;66605;80587
83896;3684;17667;31647;45628;59611;73594
83902;3683;17661;31645;45628;59610;73601
83901;3686;17664;31654;45633;59616;73598
83895;10494;24652;38633;52619;66602;80583
83882;3683;17484;31641;45623;59602;73581
83982;3686;17738;31726;45706;59694;73679
83909;10497;24658;38643;52630;66614;80598
83896;10496;24655;38635;52622;66603;80586
83906;10671;24662;38641;52625;66605;80589
83976;3685;17486;31642;45634;59696;73676
83893;3683;17483;31640;45630;59613;73592
83897;3684;17488;31641;45626;59608;73594
20688;1111;4877;9050;12779;15737;18669
12630;1654;4027;6229;8514;10443;12341
9355;610;2282;3963;5580;7015;8461
8312;520;1677;3357;4784;6117;7524
6752;475;1633;2780;3916;5015;6112
6906;504;1447;2742;3846;5094;6265
6393;454;1325;2555;3611;4732;5787
6484;453;1516;2576;3679;4777;5870
6436;453;1507;2648;3709;4769;5827
6406;450;1485;2527;3569;4610;5795
6343;453;1508;2567;3623;4679;5735
6339;800;2033;3088;4144;5203;6260
6339;453;1505;2561;3618;4675;5730
6376;976;2032;3115;4174;5239;6296
6400;452;1328;2569;3625;4682;5738
6336;799;2032;3087;4143;5201;6258
6353;455;1520;2578;3634;4691;5747
6333;798;2030;3085;4147;5200;6254
6320;453;1502;2556;3609;4663;5716
6319;797;2027;3079;4132;5185;6238
6316;452;1500;2553;3606;4657;5712
6316;451;1499;2553;3606;4659;5712
6371;499;1552;2605;3658;4712;5766
6318;452;1500;2553;3606;4660;5712
6346;453;1506;2563;3621;4680;5737
6357;452;1329;2572;3633;4690;5748
6341;452;1505;2562;3619;4676;5732
6443;453;1504;2560;3618;4675;5732
6306;454;1507;2564;3621;4668;5710
6317;790;2025;3079;4133;5186;6240
6320;452;1324;2554;3607;4661;5714
6329;452;1501;2555;3610;4663;5716
6330;454;1502;2560;3616;4670;5725
6328;454;1508;2561;3614;4667;5724
6318;974;2027;3081;4134;5187;6240
6344;453;1327;2557;3611;4665;5748
6334;450;1486;2525;3656;4698;5739
6268;450;1487;2546;3590;4632;5672
6320;453;1501;2555;3608;4661;5715
6317;452;1501;2554;3607;4660;5713
6362;453;1502;2556;3609;4699;5756
6319;452;1501;2554;3608;4661;5713
6350;452;1501;2554;3637;4692;5745
6382;453;1326;2556;3610;4672;5726
6326;453;1329;2560;3614;4668;5721
6324;453;1502;2556;3611;4665;5719
6369;453;1503;2558;3615;4667;5721
6328;452;1502;2556;3617;4674;5724
6266;453;1327;2545;3586;4629;5670
6342;454;1505;2562;3623;4678;5735
6344;453;1329;2562;3619;4675;5732
6344;452;1506;2564;3622;4680;5736
6339;454;1506;2561;3618;4674;5730
6341;453;1329;2563;3619;4677;5733
6345;452;1327;2559;3615;4679;5737
6330;452;1504;2559;3614;4668;5722
6341;802;2035;3092;4149;5206;6262
6390;453;1328;2561;3617;4674;5777
6334;452;1328;2560;3616;4673;5728
6387;799;2078;3135;4194;5251;6308
6341;454;1506;2564;3620;4677;5734
6346;453;1506;2562;3618;4675;5739
6385;452;1504;2562;3663;4721;5778
6372;801;2033;3087;4141;5195;6292
6353;453;1508;2568;3626;4685;5745
6358;453;1507;2565;3623;4691;5748
6355;801;2041;3100;4158;5218;6275
6354;802;2038;3098;4156;5217;6274
6249;449;1486;2528;3570;4611;5653
6360;453;1504;2562;3618;4695;5752
6344;453;1509;2566;3622;4680;5737
6385;454;1503;2558;3615;4720;5778
6347;453;1506;2564;3620;4677;5740
6344;454;1505;2565;3622;4679;5736
6343;454;1505;2561;3619;4675;5735
6342;452;1505;2562;3619;4676;5733
6352;800;2033;3089;4149;5216;6273
6341;452;1328;2562;3619;4676;5732
6341;453;1506;2564;3621;4677;5734
6405;797;2026;3092;4151;5210;6325
6416;455;1566;2624;3684;4750;5807
6273;802;2026;3068;4113;5156;6198
6344;454;1331;2564;3622;4680;5736
6339;976;2034;3090;4146;5203;6260
6372;800;2034;3091;4152;5210;6292
6346;461;1514;2569;3624;4683;5738
6348;976;2032;3088;4150;5211;6268
6381;452;1554;2615;3674;4732;5785
6322;449;1484;2539;3600;4657;5713
6337;452;1328;2560;3617;4673;5730
6334;453;1329;2560;3616;4671;5727
6372;453;1504;2559;3615;4708;5764
6348;976;2039;3097;4154;5211;6268
6345;977;2033;3091;4151;5208;6267
6345;455;1505;2561;3618;4676;5732
6332;452;1502;2557;3618;4673;5727
6325;452;1506;2561;3614;4667;5721
6319;452;1501;2554;3607;4663;5714
6319;452;1500;2554;3607;4660;5713
6320;453;1502;2556;3610;4663;5715
6323;975;2028;3084;4139;5192;6244
6318;452;1501;2554;3607;4660;5714
6323;453;1501;2555;3608;4662;5719
6384;454;1504;2604;3662;4719;5776
6341;454;1507;2564;3621;4677;5733
6353;454;1506;2564;3623;4681;5745
6341;454;1506;2562;3618;4678;5734
6280;976;2033;3078;4120;5163;6204
6320;452;1325;2556;3609;4662;5715
6330;452;1326;2556;3610;4664;5717
6323;452;1503;2556;3615;4667;5719
6347;454;1512;2569;3626;4683;5740
6375;976;2032;3124;4182;5239;6296
6349;453;1329;2562;3619;4676;5741
6345;452;1505;2562;3624;4680;5737
6336;976;2033;3089;4144;5201;6257
6339;977;2034;3091;4148;5205;6261
6379;452;1505;2562;3617;4713;5774
6318;798;2034;3087;4137;5189;6241
6322;453;1501;2555;3608;4664;5717
6321;453;1325;2555;3608;4662;5716
6330;453;1502;2557;3611;4671;5724
6324;453;1327;2558;3613;4666;5719
6584;465;1556;2655;3751;4848;5944
6604;465;1566;2666;3764;4862;5965
7145;479;1634;2815;4009;5255;6457
7009;481;1631;2788;3996;5160;6323
7207;486;1495;2860;4085;5288;6490
7711;911;2406;3706;5023;6314;7580
7980;1181;2513;3844;5174;6504;7834
9240;520;1855;3247;4982;6505;8053
9683;566;2067;3573;5179;6882;8582
12279;598;2679;4580;6512;8789;10889
16118;2071;4630;7310;9906;12575;15592
17619;970;4027;6983;9847;12688;15529
20288;2715;6097;9483;12863;16243;19627
20270;1033;4408;7787;11168;14547;17927
20311;1032;4405;7781;11158;14536;17914
25365;3163;7546;11780;16012;20240;24477
25264;1237;5424;9622;13813;18088;22294
37122;4618;10931;17128;23565;29673;35781
36695;1715;7884;13978;20087;26193;32300
36643;1716;7822;13928;20033;26140;32247
43799;1716;7817;13926;20041;26148;36127
60865;2726;12858;23009;33153;43296;53441
60875;7793;17937;28079;38227;48373;58524
60908;2724;12693;23006;33152;43338;53483
60870;7617;17939;28085;38228;48375;58519
60864;2726;12870;23010;33152;43298;53442
60869;2724;12688;23012;33159;43300;53454
62117;7792;17934;28081;38228;48378;58699
65143;2826;14253;26311;36856;47168;57485
60987;2779;13147;23291;33364;43405;53521
60396;2671;12749;22814;32894;42957;53029
60577;2705;12635;22946;33035;43105;53215
60373;2705;12586;22813;32872;42948;53008
60536;2718;12848;22969;33043;43106;53179
61354;7606;18048;28329;38734;48877;59012
62531;2704;12584;22856;33507;44384;54837
60737;7752;18075;28129;38300;48356;58410
60894;2728;12876;23023;33170;43323;53468
60816;7605;17925;28031;38180;48337;58494
60849;2727;12693;23016;33157;43318;53419
60885;2728;12881;23033;33136;43297;53453
60861;2727;12703;23028;33183;43324;53480
60900;7802;17952;28097;38272;48382;58541
